-1.5625
17.1810
4.7656
2.5195
21.0026
1.9401
8.8086
5.3646
19.2839
-2.0898
28.3073
-0.3451
1.5885
19.2578
26.4128
17.2526
3.0794
15.2148
0.8073
26.9857
27.4414
2.1354
14.8242
33.8477
34.0625
-8.2747
-6.0807
-4.9740
24.8698
-0.6836
0.0521
0
32.7930
5.3385
34.4531
34.4857
23.2747
13.5156
2.4089
-1.9076
2.4805
5.1888
35.0326
4.9089
38.8542
4.8177
1.8359
0.8854
30.0456
23.3333
8.1315
27.9948
2.6172
21.6602
36.9922
29.2969
23.4701
30.4883
4.2839
-3.9844
30.8333
5.5208
16.1719
34.6419
9.2643
7.5000
-1.5234
21.6471
14.5117
21.4518
0.3320
15.8659
-4.2969
10.7682
0.0586
13.3529
2.8060
6.6471
0.5924
5.1432
-2.9492
-2.9427
-1.9596
8.3203
7.5586
16.1849
6.2760
1.1198
-3.2943
2.0313
6.6471
1.0221
15.8398
17.9622
0.0716
3.5742
7.8320
14.1081
10.0456
6.1328
6.1263
0.9635
8.9583
10.9115
17.0313
9.0690
9.3555
-1.4063
-0.1628
-1.1719
2.0573
-0.9115
5.3516
17.2396
5.1758
3.3073
11.3086
0.5990
-5.2604
2.8451
11.1068
4.7917
5.3711
-5.1758
17.7409
10.5664
7.8581
7.4609
12.5000
8.7240
7.4023
17.3438
19.8177
17.4349
10.4688
9.1536
-0.3711
-8.1510
-0.4948
8.5547
4.6615
3.7044
7.8776
-0.8919
9.8503
8.4896
0.8398
4.1276
6.5951
-0.7682
2.7083
-4.1016
-0.2734
-1.0026
-5.9961
-3.6784
3.0208
0.5990
-4.6484
3.8086
4.9414
11.6992
43.9258
7.9557
29.3229
33.9779
13.7435
6.9922
8.6133
36.8880
20.8073
43.3594
29.7135
3.4701
12.7214
18.8802
45.7552
10.1237
53.6328
47.1745
13.8997
26.6732
35.7878
11.6016
4.6484
37.8971
4.8828
32.0833
35.4102
31.0612
10.5013
12.4349
38.4375
-0.1367
34.5247
31.7122
36.2044
35.3190
13.5417
23.6589
28.9779
52.1484
14.5573
35.8073
10.7096
47.9232
39.2057
28.8216
45.0326
12.5195
60.9635
60.3581
34.4010
53.1120
30.6901
59.0169
30.3711
11.0417
52.2396
-2.9102
7.3633
51.5234
5.5339
37.3763
21.9206
30.2995
26.4844
29.8893
23.3594
6.5365
28.2161
8.6328
16.1654
-0.7357
38.3594
43.0469
4.3099
47.8906
32.6172
51.6211
32.4805
35.2409
-0.2865
34.7461
34.8828
34.1471
1.7057
10.0391
25.4427
-5.5339
29.2253
18.9063
31.7513
26.0612
-2.9036
36.8685
14.7591
30.8724
-1.9271
28.6133
18.4310
1.8490
26.1198
21.4909
0.2474
45.1758
13.8411
15.2148
39.9154
21.3542
-8.7109
-2.2656
31.8294
8.7174
7.3828
25.8008
4.3164
31.0807
18.0534
12.0573
16.1523
35.7943
-0.0456
3.9714
34.0169
40.8789
38.8997
27.9492
26.0612
20.9310
23.4245
57.7799
33.1315
5.9831
7.1094
30.2083
19.9740
46.1328
28.5156
43.6784
35.8008
26.4388
17.6888
19.9609
14.3685
47.5716
34.6029
51.6862
43.8477
40.8398
35.7487
38.4961
40.3320
-1.1393
19.1276
33.7109
30.6576
17.6693
29.4531
30.4622
40.4818
38.6133
46.0547
25.7943
23.9128
39.6810
38.9974
7.8255
41.4909
45.8594
35.2344
38.9063
50.1237
24.9023
45.3841
54.0365
40.8398
46.4388
37.0378
30.3711
45.0586
40.7292
15.1953
36.8880
46.3802
37.6107
44.3229
32.6042
24.1211
40.3385
29.9544
34.3555
41.2826
33.0729
28.8281
35.3320
22.0508
26.3411
29.8568
5.7943
-3.8346
31.4453
29.2253
29.5898
16.9076